fx 4438.092926457029
fy 4373.171224076858
cx 1155.176938527035
cy 231.78281338033943
k1 -0.9013310039628539
k2 2.5083217489194456
k3 -4.083681878851339
p1 0.04601918570689394
p2 -0.02049113877733563
img:1 cal_fname:data/1-21/cal_1.JPG dot_fname:data/1-21/dot_1.JPG filter_fname:data/1-21/filter_1.jpg rvec:-0.160082458227056,0.40737832748491437,-0.056701992848273854 tvec:-12.01345278408376,19.830063426647637,66.64706729761288 missing_dots:-11,-14;-12,-2;-10,-2;-12,2;7,2;8,2;-5,3;-4,3;-3,3;-2,3;-1,3;0,3;1,3;2,3;3,3;4,3;5,3;6,3;7,3;8,3;-12,4;-11,4;-10,4;-9,4;-8,4;-7,4;-6,4;-5,4;-4,4;-3,4;-2,4;-1,4;0,4;1,4;2,4;3,4;4,4;5,4;6,4;7,4;8,4
img:2 cal_fname:data/1-21/cal_2.JPG dot_fname:data/1-21/dot_2.JPG filter_fname:data/1-21/filter_2.jpg rvec:-0.15885658003577877,0.4965450969119269,-0.06492573419587214 tvec:-11.862730652863993,20.749004496557678,70.67391609971516 missing_dots:-3,-14;4,-14;1,-12;-12,-10;-11,-8;-3,-8;-12,-6;-10,-5;-12,-4;2,-3;-12,-2;-10,-2;-9,1;-12,2;-2,3;-1,3;0,3;1,3;2,3;3,3;4,3;5,3;6,3;7,3;8,3;-10,4;-9,4;-8,4;-7,4;-6,4;-5,4;-4,4;-3,4;-2,4;-1,4;0,4;1,4;2,4;3,4;4,4;5,4;6,4;7,4;8,4
img:3 cal_fname:data/1-21/cal_3.JPG dot_fname:data/1-21/dot_3.JPG filter_fname:data/1-21/filter_3.jpg rvec:-0.1450647437534855,0.5983842728043252,-0.07054607648914504 tvec:-9.75358286560404,19.82001331185302,69.03140711773202 missing_dots:-12,-14;-12,-10;-12,-9;-7,-9;-10,-5;-2,-4;-12,-2;-5,-2;-12,2;6,2;7,2;8,2;-2,3;-1,3;0,3;1,3;2,3;3,3;4,3;5,3;6,3;7,3;8,3;-10,4;-9,4;-8,4;-7,4;-6,4;-5,4;-4,4;-3,4;-2,4;-1,4;0,4;1,4;2,4;3,4;4,4;5,4;6,4;7,4;8,4
img:4 cal_fname:data/1-21/cal_4.JPG dot_fname:data/1-21/dot_4.JPG filter_fname:data/1-21/filter_4.jpg rvec:-0.17797646615796392,0.13828982714613097,-0.025721703719470385 tvec:-13.017293611818182,20.24606982689676,66.82418996164688 missing_dots:-9,-11;-2,-5;-12,-2;-3,1;-12,2;4,3;5,3;6,3;7,3;8,3;-12,4;-11,4;-10,4;-9,4;-8,4;-7,4;-6,4;-5,4;-4,4;-3,4;-2,4;-1,4;0,4;1,4;2,4;3,4;4,4;5,4;6,4;7,4;8,4
img:5 cal_fname:data/1-21/cal_5.JPG dot_fname:data/1-21/dot_5.JPG filter_fname:data/1-21/filter_5.jpg rvec:-0.13399191883446135,-0.13687892522025166,0.011631592456163955 tvec:-12.901511475788597,18.809895106635526,63.046902230589694 missing_dots:-12,-10;6,-13;7,-6;8,-4;-12,-2;-12,0;-12,2;4,3;-12,4;-11,4;-10,4;-9,4;-8,4;-7,4;-6,4;-5,4;-4,4;-3,4;-2,4;-1,4;0,4;1,4;2,4;3,4;4,4;5,4;6,4;7,4;8,4
img:6 cal_fname:data/1-21/cal_6.JPG dot_fname:data/1-21/dot_6.JPG filter_fname:data/1-21/filter_6.jpg rvec:-0.11846752426901958,-0.22536931661173312,0.022943970359609087 tvec:-12.301064567976637,18.556228717019852,61.723204983306324 missing_dots:8,-10;-12,-9;-9,-9;-3,-9;-12,-2;1,-1;-12,2;-2,2;4,1;5,4;2,4;-5,3;-12,4;-11,4;-10,4;-9,4;-8,4;-7,4;-6,4;-5,4;-4,4;-3,4;-2,4;-1,4;0,4
img:7 cal_fname:data/1-21/cal_7.JPG dot_fname:data/1-21/dot_7.JPG filter_fname:data/1-21/filter_7.jpg rvec:-0.18527861439802584,-0.28196328518368396,0.03143150155863714 tvec:-8.907579686480517,19.35159843275563,63.23113468229105 missing_dots:8,-14;6,-13;4,-13;8,-12;-6,-8;-5,-7;-12,-2;-6,-2;7,-8;7,-3;6,-2;1,-2;-12,2;-2,2;4,2;7,1;6,3;-12,4;-11,4;-10,4;-9,4;-8,4;-7,4;-6,4;-5,4;-4,4;-3,4;-2,4;-1,4;0,4;1,4;6,4
img:8 cal_fname:data/1-21/cal_8.JPG dot_fname:data/1-21/dot_8.JPG filter_fname:data/1-21/filter_8.jpg rvec:-0.14198109014978272,-0.042253700720469474,-0.019024646194741684 tvec:-9.433467480120626,17.960989591332655,63.94688880863344 missing_dots:6,-1;-3,-2;-7,-7;-9,-8;-12,-2;-12,2;8,2
img:9 cal_fname:data/1-21/cal_9.JPG dot_fname:data/1-21/dot_9.JPG filter_fname:data/1-21/filter_9.jpg rvec:-0.1292898465785979,0.15378411929528427,-0.03679411657875928 tvec:-11.767170126654992,19.253678665766383,66.91108975895632
img:10 cal_fname:data/1-21/cal_10.JPG dot_fname:data/1-21/dot_10.JPG filter_fname:data/1-21/filter_10.jpg rvec:-0.11666711172849052,0.4866253123684793,-0.07449325393025762 tvec:-9.324367621911342,21.28180718423109,75.82077817975345
img:11 cal_fname:data/1-21/cal_11.JPG dot_fname:data/1-21/dot_11.JPG filter_fname:data/1-21/filter_11.jpg rvec:-0.1216197270590825,0.5069911942150908,-0.07706346258521685 tvec:-13.151798751698328,21.83272600045374,76.64311760712353
img:12 cal_fname:data/1-21/cal_12.JPG dot_fname:data/1-21/dot_12.JPG filter_fname:data/1-21/filter_12.jpg rvec:-0.11976848973803055,0.6781549751806573,-0.09465172991656992 tvec:-10.89228707086256,23.692538464321792,83.70970110132572
img:13 cal_fname:data/1-21/cal_13.JPG dot_fname:data/1-21/dot_13.JPG filter_fname:data/1-21/filter_13.jpg rvec:-0.09424615682229565,0.3034457364097353,-0.06701563924307001 tvec:-11.53399967525927,19.166622375119925,69.74392094266831
img:14 cal_fname:data/1-21/cal_14.JPG dot_fname:data/1-21/dot_14.JPG filter_fname:data/1-21/filter_14.jpg rvec:-0.07793304096491727,-0.040288827489845906,-0.0012051542700367932 tvec:-11.493210541004759,17.22315245592796,62.85694892153798
img:15 cal_fname:data/1-21/cal_15.JPG dot_fname:data/1-21/dot_15.JPG filter_fname:data/1-21/filter_15.jpg rvec:-0.09548541498791144,-0.24783685810693717,0.016025859972523995 tvec:-9.143237999188466,17.633540327414213,62.91325518805172
